8246
8905
6547
444
1349
6253
287
7324
7571
5519
7167
379
1692
3069
2552
6590
371
658
3827
6902
3968
5117
2484
9399
269
6581
3075
2434
1938
2882
2364
3575
5295
4331
1828
1829
7953
9141
9553
8845
9046
2241
5249
1803
2553
7562
2869
1361
9640
8303
4122
6737
8747
5389
9215
240
9742
5196
6091
696
3932
8127
7931
5853
8844
9433
2274
1612
94
9177
989
2700
4701
8389
1750
3994
4848
8756
4806
3341
403
2284
5821
2597
1610
8341
2676
6185
2897
3435
9512
8881
2146
2327
8606
3298
4106
4225
7203
6939
9676
3240
5923
4401
3692
4064
3159
2906
5251
3055
4031
1366
816
1580
1733
1353
667
9639
2000
2896
3686
3313
2916
7202
2470
7521
2037
7215
9344
7416
20
4738
2550
234
1674
7457
5375
2685
6258
7762
4502
9091
5584
2481
8379
2817
7957
1522
3838
7512
2820
7017
1707
40
3494
4231
6148
9101
5850
7109
3132
4553
9199
772
9106
5380
8721
9472
1486
9167
3786
2930
8460
4325
9571
3412
1375
2531
1412
5961
1242
8634
7735
1918
7429
9192
6003
1235
795
7484
3246
5595
305
2452
5077
384
6559
3225
7653
2840
7133
9132
5361
2176
2282
6658
3822
1309
1150
8489
4749
3685
8546
2417
25
8188
6608
1800
8852
2649
9969
4415
6284
7560
3959
2513
9353
4027
210
1585
2476
7569
7787
8096
6016
8177
8064
7165
6541
9461
6400
480
2237
243
7967
7274
5330
4895
6943
9579
8937
1280
9095
8903
536
9989
730
3025
7842
5284
8025
1393
4390
7499
5926
7035
8407
6867
6129
4495
3887
7774
4677
8669
7395
7855
9995
5909
1302
9818
3307
4011
6904
2403
7844
7462
4412
6326
4739
9914
9446
9702
2150
6932
1898
2391
7718
4741
8261
7124
5735
6428
2633
9076
8390
7581
5874
1217
2291
7070
4964
6064
9592
1508
2474
0
9048
694
286
6314
61
6266
3046
1629
8238
6793
3552
6491
2951
9928
2148
2149
560
3107
4036
880
6254
4195
4080
5259
93
1262
2192
9569
2419
5660
9991
1441
5092
9880
8503
3321
3903
7106
7892
5229
187
5446
4660
4366
322
6196
6713
3268
4087
5750
4949
3580
2498
88
5940
2479
7006
9246
4787
4082
3436
4753
8315
8166
6689
464
7399
8572
9740
1810
1010
2741
4901
9518
5831
7381
3071
3347
1599
3925
8989
1213
1822
9436
2718
5934
6662
7758
3241
5760
9631
9059
9071
1009
9879
4928
7715
7289
4702
6585
222
2043
9718
4927
227
9190
2974
8887
8337
823
5412
6979
2675
3017
4729
8978
663
9600
6725
2848
7501
9319
2814
9760
8376
2413
1048
230
9368
1348
5012
5072
4427
9859
9298
3041
9182
9904
5935
7984
8479
8072
2252
4233
4386
7682
1051
8683
8098
6365
2075
4372
6871
8284
3301
4199
7295
6320
963
3824
5711
7459
7049
7935
3514
7192
9684
1761
9307
3221
4351
4347
1489
2907
9594
8874
6215
5358
9369
5771
1826
9672
2271
6015
